1|140030001|100201
2|140030001|100211
3|140030001|100221
4|140030001|100231
5|140030002|100201
6|140030002|100211
7|140030002|100221
8|140030002|100231
9|140030003|100201
10|140030003|100211
11|140030003|100221
12|140030003|100231
13|140030004|100201
14|140030004|100211
15|140030004|100221
16|140030004|100231
17|140030005|100201
18|140030005|100211
19|140030005|100221
20|140030005|100231
21|140030006|100201
22|140030006|100211
23|140030006|100221
24|140030006|100231
25|140030007|100201
26|140030007|100211
27|140030007|100221
28|140030007|100231
29|140030008|100201
30|140030008|100211
31|140030008|100221
32|140030008|100231
33|140030009|100201
34|140030009|100211
35|140030009|100221
36|140030009|100231
37|140030010|100201
38|140030010|100211
39|140030010|100221
40|140030010|100231
41|140030011|100201
42|140030011|100211
43|140030011|100221
44|140030011|100231
45|140030012|100201
46|140030012|100211
47|140030012|100221
48|140030012|100231
49|140030013|100201
50|140030013|100211
51|140030013|100221
52|140030013|100231
53|140030014|100201
54|140030014|100211
55|140030014|100221
56|140030014|100231
57|140030015|100201
58|140030015|100211
59|140030015|100221
60|140030015|100231
61|140030016|100201
62|140030016|100211
63|140030016|100221
64|140030016|100231
65|140030017|100201
66|140030017|100211
67|140030017|100221
68|140030017|100231
69|140030018|100201
70|140030018|100211
71|140030018|100221
72|140030018|100231
73|140030019|100201
74|140030019|100211
75|140030019|100221
76|140030019|100231
77|140030020|100201
78|140030020|100211
79|140030020|100221
80|140030020|100231
81|140030021|100201
82|140030021|100211
83|140030021|100221
84|140030021|100231
85|140030022|100201
86|140030022|100211
87|140030022|100221
88|140030022|100231
89|140030023|100201
90|140030023|100211
91|140030023|100221
92|140030023|100231
93|140030024|100201
94|140030024|100211
95|140030024|100221
96|140030024|100231
97|140030025|100201
98|140030025|100211
99|140030025|100221
100|140030025|100231
101|140030026|100201
102|140030026|100211
103|140030026|100221
104|140030026|100231
105|140030027|100201
106|140030027|100211
107|140030027|100221
108|140030027|100231
109|140030028|100201
110|140030028|100211
111|140030028|100221
112|140030028|100231
113|140030029|100201
114|140030029|100211
115|140030029|100221
116|140030029|100231
117|140030030|100201
118|140030030|100211
119|140030030|100221
120|140030030|100231
121|140030031|100201
122|140030031|100211
123|140030031|100221
124|140030031|100231
125|140030032|100201
126|140030032|100211
127|140030032|100221
128|140030032|100231
129|140030033|100201
130|140030033|100211
131|140030033|100221
132|140030033|100231
133|140030034|100201
134|140030034|100211
135|140030034|100221
136|140030034|100231
137|140030035|100201
138|140030035|100211
139|140030035|100221
140|140030035|100231
141|140030036|100201
142|140030036|100211
143|140030036|100221
144|140030036|100231
145|140030037|100201
146|140030037|100211
147|140030037|100221
148|140030037|100231
149|140030038|100201
150|140030038|100211
151|140030038|100221
152|140030038|100231
153|140030039|100201
154|140030039|100211
155|140030039|100221
156|140030039|100231
157|140030040|100201
158|140030040|100211
159|140030040|100221
160|140030040|100231
161|140030041|100201
162|140030041|100211
163|140030041|100221
164|140030041|100231
165|140030042|100201
166|140030042|100211
167|140030042|100221
168|140030042|100231
169|140030043|100201
170|140030043|100211
171|140030043|100221
172|140030043|100231
173|140030044|100201
174|140030044|100211
175|140030044|100221
176|140030044|100231
177|140030045|100201
178|140030045|100211
179|140030045|100221
180|140030045|100231
181|140030046|100201
182|140030046|100211
183|140030046|100221
184|140030046|100231
185|140030047|100201
186|140030047|100211
187|140030047|100221
188|140030047|100231
189|140030048|100201
190|140030048|100211
191|140030048|100221
192|140030048|100231
193|140030049|100201
194|140030049|100211
195|140030049|100221
196|140030049|100231
197|140030050|100201
198|140030050|100211
199|140030050|100221
200|140030050|100231
201|140030051|100201
202|140030051|100211
203|140030051|100221
204|140030051|100231
205|140030052|100201
206|140030052|100211
207|140030052|100221
208|140030052|100231
209|140030053|100201
210|140030053|100211
211|140030053|100221
212|140030053|100231
213|140030054|100201
214|140030054|100211
215|140030054|100221
216|140030054|100231
217|140030055|100201
218|140030055|100211
219|140030055|100221
220|140030055|100231
221|140030056|100201
222|140030056|100211
223|140030056|100221
224|140030056|100231
225|140030057|100201
226|140030057|100211
227|140030057|100221
228|140030057|100231
229|140030058|100201
230|140030058|100211
231|140030058|100221
232|140030058|100231
233|140030059|100201
234|140030059|100211
235|140030059|100221
236|140030059|100231
237|140030060|100201
238|140030060|100211
239|140030060|100221
240|140030060|100231
241|140030061|100201
242|140030061|100211
243|140030061|100221
244|140030061|100231
245|140030062|100201
246|140030062|100211
247|140030062|100221
248|140030062|100231
249|140030063|100201
250|140030063|100211
251|140030063|100221
252|140030063|100231
253|140030064|100201
254|140030064|100211
255|140030064|100221
256|140030064|100231
257|140030065|100201
258|140030065|100211
259|140030065|100221
260|140030065|100231
261|140030066|100201
262|140030066|100211
263|140030066|100221
264|140030066|100231
265|140030067|100201
266|140030067|100211
267|140030067|100221
268|140030067|100231
269|140030068|100201
270|140030068|100211
271|140030068|100221
272|140030068|100231
273|140030069|100201
274|140030069|100211
275|140030069|100221
276|140030069|100231
277|140030070|100201
278|140030070|100211
279|140030070|100221
280|140030070|100231
281|140030071|100201
282|140030071|100211
283|140030071|100221
284|140030071|100231
285|140030072|100201
286|140030072|100211
287|140030072|100221
288|140030072|100231
289|140030073|100201
290|140030073|100211
291|140030073|100221
292|140030073|100231
293|140030074|100201
294|140030074|100211
295|140030074|100221
296|140030074|100231
297|140030075|100201
298|140030075|100211
299|140030075|100221
300|140030075|100231
301|140030076|100201
302|140030076|100211
303|140030076|100221
304|140030076|100231
305|140030077|100201
306|140030077|100211
307|140030077|100221
308|140030077|100231
309|140030078|100201
310|140030078|100211
311|140030078|100221
312|140030078|100231
313|140030079|100201
314|140030079|100211
315|140030079|100221
316|140030079|100231
317|140030080|100201
318|140030080|100211
319|140030080|100221
320|140030080|100231
321|140030081|100201
322|140030081|100211
323|140030081|100221
324|140030081|100231
325|140030082|100201
326|140030082|100211
327|140030082|100221
328|140030082|100231
329|140030083|100201
330|140030083|100211
331|140030083|100221
332|140030083|100231
333|140030084|100201
334|140030084|100211
335|140030084|100221
336|140030084|100231
337|140030085|100201
338|140030085|100211
339|140030085|100221
340|140030085|100231
341|140030086|100201
342|140030086|100211
343|140030086|100221
344|140030086|100231
345|140030087|100201
346|140030087|100211
347|140030087|100221
348|140030087|100231
349|140030088|100201
350|140030088|100211
351|140030088|100221
352|140030088|100231
353|140030089|100201
354|140030089|100211
355|140030089|100221
356|140030089|100231
357|140030090|100201
358|140030090|100211
359|140030090|100221
360|140030090|100231
361|140030091|100201
362|140030091|100211
363|140030091|100221
364|140030091|100231
365|140030092|100201
366|140030092|100211
367|140030092|100221
368|140030092|100231
369|140030093|100201
370|140030093|100211
371|140030093|100221
372|140030093|100231
373|140030094|100201
374|140030094|100211
375|140030094|100221
376|140030094|100231
377|140030095|100201
378|140030095|100211
379|140030095|100221
380|140030095|100231
381|140030096|100201
382|140030096|100211
383|140030096|100221
384|140030096|100231
385|140030097|100201
386|140030097|100211
387|140030097|100221
388|140030097|100231
389|140030098|100201
390|140030098|100211
391|140030098|100221
392|140030098|100231
393|140030099|100201
394|140030099|100211
395|140030099|100221
396|140030099|100231
397|140030100|100201
398|140030100|100211
399|140030100|100221
400|140030100|100231
401|140030101|100202
402|140030101|100212
403|140030101|100222
404|140030101|100232
405|140030102|100202
406|140030102|100212
407|140030102|100222
408|140030102|100232
409|140030103|100202
410|140030103|100212
411|140030103|100222
412|140030103|100232
413|140030104|100202
414|140030104|100212
415|140030104|100222
416|140030104|100232
417|140030105|100202
418|140030105|100212
419|140030105|100222
420|140030105|100232
421|140030106|100202
422|140030106|100212
423|140030106|100222
424|140030106|100232
425|140030107|100202
426|140030107|100212
427|140030107|100222
428|140030107|100232
429|140030108|100202
430|140030108|100212
431|140030108|100222
432|140030108|100232
433|140030109|100202
434|140030109|100212
435|140030109|100222
436|140030109|100232
437|140030110|100202
438|140030110|100212
439|140030110|100222
440|140030110|100232
441|140030111|100202
442|140030111|100212
443|140030111|100222
444|140030111|100232
445|140030112|100202
446|140030112|100212
447|140030112|100222
448|140030112|100232
449|140030113|100202
450|140030113|100212
451|140030113|100222
452|140030113|100232
453|140030114|100202
454|140030114|100212
455|140030114|100222
456|140030114|100232
457|140030115|100202
458|140030115|100212
459|140030115|100222
460|140030115|100232
461|140030116|100202
462|140030116|100212
463|140030116|100222
464|140030116|100232
465|140030117|100202
466|140030117|100212
467|140030117|100222
468|140030117|100232
469|140030118|100202
470|140030118|100212
471|140030118|100222
472|140030118|100232
473|140030119|100202
474|140030119|100212
475|140030119|100222
476|140030119|100232
477|140030120|100202
478|140030120|100212
479|140030120|100222
480|140030120|100232
481|140030121|100202
482|140030121|100212
483|140030121|100222
484|140030121|100232
485|140030122|100202
486|140030122|100212
487|140030122|100222
488|140030122|100232
489|140030123|100202
490|140030123|100212
491|140030123|100222
492|140030123|100232
493|140030124|100202
494|140030124|100212
495|140030124|100222
496|140030124|100232
497|140030125|100202
498|140030125|100212
499|140030125|100222
500|140030125|100232
501|140030126|100202
502|140030126|100212
503|140030126|100222
504|140030126|100232
505|140030127|100202
506|140030127|100212
507|140030127|100222
508|140030127|100232
509|140030128|100202
510|140030128|100212
511|140030128|100222
512|140030128|100232
513|140030129|100202
514|140030129|100212
515|140030129|100222
516|140030129|100232
517|140030130|100202
518|140030130|100212
519|140030130|100222
520|140030130|100232
521|140030131|100202
522|140030131|100212
523|140030131|100222
524|140030131|100232
525|140030132|100202
526|140030132|100212
527|140030132|100222
528|140030132|100232
529|140030133|100202
530|140030133|100212
531|140030133|100222
532|140030133|100232
533|140030134|100202
534|140030134|100212
535|140030134|100222
536|140030134|100232
537|140030135|100202
538|140030135|100212
539|140030135|100222
540|140030135|100232
541|140030136|100202
542|140030136|100212
543|140030136|100222
544|140030136|100232
545|140030137|100202
546|140030137|100212
547|140030137|100222
548|140030137|100232
549|140030138|100202
550|140030138|100212
551|140030138|100222
552|140030138|100232
553|140030139|100202
554|140030139|100212
555|140030139|100222
556|140030139|100232
557|140030140|100202
558|140030140|100212
559|140030140|100222
560|140030140|100232
561|140030141|100202
562|140030141|100212
563|140030141|100222
564|140030141|100232
565|140030142|100202
566|140030142|100212
567|140030142|100222
568|140030142|100232
569|140030143|100202
570|140030143|100212
571|140030143|100222
572|140030143|100232
573|140030144|100202
574|140030144|100212
575|140030144|100222
576|140030144|100232
577|140030145|100202
578|140030145|100212
579|140030145|100222
580|140030145|100232
581|140030146|100202
582|140030146|100212
583|140030146|100222
584|140030146|100232
585|140030147|100202
586|140030147|100212
587|140030147|100222
588|140030147|100232
589|140030148|100202
590|140030148|100212
591|140030148|100222
592|140030148|100232
593|140030149|100202
594|140030149|100212
595|140030149|100222
596|140030149|100232
597|140030150|100202
598|140030150|100212
599|140030150|100222
600|140030150|100232
601|140030151|100202
602|140030151|100212
603|140030151|100222
604|140030151|100232
605|140030152|100202
606|140030152|100212
607|140030152|100222
608|140030152|100232
609|140030153|100202
610|140030153|100212
611|140030153|100222
612|140030153|100232
613|140030154|100202
614|140030154|100212
615|140030154|100222
616|140030154|100232
617|140030155|100202
618|140030155|100212
619|140030155|100222
620|140030155|100232
621|140030156|100202
622|140030156|100212
623|140030156|100222
624|140030156|100232
625|140030157|100202
626|140030157|100212
627|140030157|100222
628|140030157|100232
629|140030158|100202
630|140030158|100212
631|140030158|100222
632|140030158|100232
633|140030159|100202
634|140030159|100212
635|140030159|100222
636|140030159|100232
637|140030160|100202
638|140030160|100212
639|140030160|100222
640|140030160|100232
641|140030161|100202
642|140030161|100212
643|140030161|100222
644|140030161|100232
645|140030162|100202
646|140030162|100212
647|140030162|100222
648|140030162|100232
649|140030163|100202
650|140030163|100212
651|140030163|100222
652|140030163|100232
653|140030164|100202
654|140030164|100212
655|140030164|100222
656|140030164|100232
657|140030165|100202
658|140030165|100212
659|140030165|100222
660|140030165|100232
661|140030166|100202
662|140030166|100212
663|140030166|100222
664|140030166|100232
665|140030167|100202
666|140030167|100212
667|140030167|100222
668|140030167|100232
669|140030168|100202
670|140030168|100212
671|140030168|100222
672|140030168|100232
673|140030169|100202
674|140030169|100212
675|140030169|100222
676|140030169|100232
677|140030170|100202
678|140030170|100212
679|140030170|100222
680|140030170|100232
681|140030171|100202
682|140030171|100212
683|140030171|100222
684|140030171|100232
685|140030172|100202
686|140030172|100212
687|140030172|100222
688|140030172|100232
689|140030173|100202
690|140030173|100212
691|140030173|100222
692|140030173|100232
693|140030174|100202
694|140030174|100212
695|140030174|100222
696|140030174|100232
697|140030175|100202
698|140030175|100212
699|140030175|100222
700|140030175|100232
701|140030176|100202
702|140030176|100212
703|140030176|100222
704|140030176|100232
705|140030177|100202
706|140030177|100212
707|140030177|100222
708|140030177|100232
709|140030178|100202
710|140030178|100212
711|140030178|100222
712|140030178|100232
713|140030179|100202
714|140030179|100212
715|140030179|100222
716|140030179|100232
717|140030180|100202
718|140030180|100212
719|140030180|100222
720|140030180|100232
721|140030181|100202
722|140030181|100212
723|140030181|100222
724|140030181|100232
725|140030182|100202
726|140030182|100212
727|140030182|100222
728|140030182|100232
729|140030183|100202
730|140030183|100212
731|140030183|100222
732|140030183|100232
733|140030184|100202
734|140030184|100212
735|140030184|100222
736|140030184|100232
737|140030185|100202
738|140030185|100212
739|140030185|100222
740|140030185|100232
741|140030186|100202
742|140030186|100212
743|140030186|100222
744|140030186|100232
745|140030187|100202
746|140030187|100212
747|140030187|100222
748|140030187|100232
749|140030188|100202
750|140030188|100212
751|140030188|100222
752|140030188|100232
753|140030189|100202
754|140030189|100212
755|140030189|100222
756|140030189|100232
757|140030190|100202
758|140030190|100212
759|140030190|100222
760|140030190|100232
761|140030191|100202
762|140030191|100212
763|140030191|100222
764|140030191|100232
765|140030192|100202
766|140030192|100212
767|140030192|100222
768|140030192|100232
769|140030193|100202
770|140030193|100212
771|140030193|100222
772|140030193|100232
773|140030194|100202
774|140030194|100212
775|140030194|100222
776|140030194|100232
777|140030195|100202
778|140030195|100212
779|140030195|100222
780|140030195|100232
781|140030196|100202
782|140030196|100212
783|140030196|100222
784|140030196|100232
785|140030197|100202
786|140030197|100212
787|140030197|100222
788|140030197|100232
789|140030198|100202
790|140030198|100212
791|140030198|100222
792|140030198|100232
793|140030199|100202
794|140030199|100212
795|140030199|100222
796|140030199|100232
797|140030200|100202
798|140030200|100212
799|140030200|100222
800|140030200|100232
801|140030201|100203
802|140030201|100213
803|140030201|100223
804|140030201|100233
805|140030202|100203
806|140030202|100213
807|140030202|100223
808|140030202|100233
809|140030203|100203
810|140030203|100213
811|140030203|100223
812|140030203|100233
813|140030204|100203
814|140030204|100213
815|140030204|100223
816|140030204|100233
817|140030205|100203
818|140030205|100213
819|140030205|100223
820|140030205|100233
821|140030206|100203
822|140030206|100213
823|140030206|100223
824|140030206|100233
825|140030207|100203
826|140030207|100213
827|140030207|100223
828|140030207|100233
829|140030208|100203
830|140030208|100213
831|140030208|100223
832|140030208|100233
833|140030209|100203
834|140030209|100213
835|140030209|100223
836|140030209|100233
837|140030210|100203
838|140030210|100213
839|140030210|100223
840|140030210|100233
841|140030211|100203
842|140030211|100213
843|140030211|100223
844|140030211|100233
845|140030212|100203
846|140030212|100213
847|140030212|100223
848|140030212|100233
849|140030213|100203
850|140030213|100213
851|140030213|100223
852|140030213|100233
853|140030214|100203
854|140030214|100213
855|140030214|100223
856|140030214|100233
857|140030215|100203
858|140030215|100213
859|140030215|100223
860|140030215|100233
861|140030216|100203
862|140030216|100213
863|140030216|100223
864|140030216|100233
865|140030217|100203
866|140030217|100213
867|140030217|100223
868|140030217|100233
869|140030218|100203
870|140030218|100213
871|140030218|100223
872|140030218|100233
873|140030219|100203
874|140030219|100213
875|140030219|100223
876|140030219|100233
877|140030220|100203
878|140030220|100213
879|140030220|100223
880|140030220|100233
881|140030221|100203
882|140030221|100213
883|140030221|100223
884|140030221|100233
885|140030222|100203
886|140030222|100213
887|140030222|100223
888|140030222|100233
889|140030223|100203
890|140030223|100213
891|140030223|100223
892|140030223|100233
893|140030224|100203
894|140030224|100213
895|140030224|100223
896|140030224|100233
897|140030225|100203
898|140030225|100213
899|140030225|100223
900|140030225|100233
901|140030226|100203
902|140030226|100213
903|140030226|100223
904|140030226|100233
905|140030227|100203
906|140030227|100213
907|140030227|100223
908|140030227|100233
909|140030228|100203
910|140030228|100213
911|140030228|100223
912|140030228|100233
913|140030229|100203
914|140030229|100213
915|140030229|100223
916|140030229|100233
917|140030230|100203
918|140030230|100213
919|140030230|100223
920|140030230|100233
921|140030231|100203
922|140030231|100213
923|140030231|100223
924|140030231|100233
925|140030232|100203
926|140030232|100213
927|140030232|100223
928|140030232|100233
929|140030233|100203
930|140030233|100213
931|140030233|100223
932|140030233|100233
933|140030234|100203
934|140030234|100213
935|140030234|100223
936|140030234|100233
937|140030235|100203
938|140030235|100213
939|140030235|100223
940|140030235|100233
941|140030236|100203
942|140030236|100213
943|140030236|100223
944|140030236|100233
945|140030237|100203
946|140030237|100213
947|140030237|100223
948|140030237|100233
949|140030238|100203
950|140030238|100213
951|140030238|100223
952|140030238|100233
953|140030239|100203
954|140030239|100213
955|140030239|100223
956|140030239|100233
957|140030240|100203
958|140030240|100213
959|140030240|100223
960|140030240|100233
961|140030241|100203
962|140030241|100213
963|140030241|100223
964|140030241|100233
965|140030242|100203
966|140030242|100213
967|140030242|100223
968|140030242|100233
969|140030243|100203
970|140030243|100213
971|140030243|100223
972|140030243|100233
973|140030244|100203
974|140030244|100213
975|140030244|100223
976|140030244|100233
977|140030245|100203
978|140030245|100213
979|140030245|100223
980|140030245|100233
981|140030246|100203
982|140030246|100213
983|140030246|100223
984|140030246|100233
985|140030247|100203
986|140030247|100213
987|140030247|100223
988|140030247|100233
989|140030248|100203
990|140030248|100213
991|140030248|100223
992|140030248|100233
993|140030249|100203
994|140030249|100213
995|140030249|100223
996|140030249|100233
997|140030250|100203
998|140030250|100213
999|140030250|100223
1000|140030250|100233
1001|140030251|100203
1002|140030251|100213
1003|140030251|100223
1004|140030251|100233
1005|140030252|100203
1006|140030252|100213
1007|140030252|100223
1008|140030252|100233
1009|140030253|100203
1010|140030253|100213
1011|140030253|100223
1012|140030253|100233
1013|140030254|100203
1014|140030254|100213
1015|140030254|100223
1016|140030254|100233
1017|140030255|100203
1018|140030255|100213
1019|140030255|100223
1020|140030255|100233
1021|140030256|100203
1022|140030256|100213
1023|140030256|100223
1024|140030256|100233
1025|140030257|100203
1026|140030257|100213
1027|140030257|100223
1028|140030257|100233
1029|140030258|100203
1030|140030258|100213
1031|140030258|100223
1032|140030258|100233
1033|140030259|100203
1034|140030259|100213
1035|140030259|100223
1036|140030259|100233
1037|140030260|100203
1038|140030260|100213
1039|140030260|100223
1040|140030260|100233
1041|140030261|100203
1042|140030261|100213
1043|140030261|100223
1044|140030261|100233
1045|140030262|100203
1046|140030262|100213
1047|140030262|100223
1048|140030262|100233
1049|140030263|100203
1050|140030263|100213
1051|140030263|100223
1052|140030263|100233
1053|140030264|100203
1054|140030264|100213
1055|140030264|100223
1056|140030264|100233
1057|140030265|100203
1058|140030265|100213
1059|140030265|100223
1060|140030265|100233
1061|140030266|100203
1062|140030266|100213
1063|140030266|100223
1064|140030266|100233
1065|140030267|100203
1066|140030267|100213
1067|140030267|100223
1068|140030267|100233
1069|140030268|100203
1070|140030268|100213
1071|140030268|100223
1072|140030268|100233
1073|140030269|100203
1074|140030269|100213
1075|140030269|100223
1076|140030269|100233
1077|140030270|100203
1078|140030270|100213
1079|140030270|100223
1080|140030270|100233
1081|140030271|100203
1082|140030271|100213
1083|140030271|100223
1084|140030271|100233
1085|140030272|100203
1086|140030272|100213
1087|140030272|100223
1088|140030272|100233
1089|140030273|100203
1090|140030273|100213
1091|140030273|100223
1092|140030273|100233
1093|140030274|100203
1094|140030274|100213
1095|140030274|100223
1096|140030274|100233
1097|140030275|100203
1098|140030275|100213
1099|140030275|100223
1100|140030275|100233
1101|140030276|100203
1102|140030276|100213
1103|140030276|100223
1104|140030276|100233
1105|140030277|100203
1106|140030277|100213
1107|140030277|100223
1108|140030277|100233
1109|140030278|100203
1110|140030278|100213
1111|140030278|100223
1112|140030278|100233
1113|140030279|100203
1114|140030279|100213
1115|140030279|100223
1116|140030279|100233
1117|140030280|100203
1118|140030280|100213
1119|140030280|100223
1120|140030280|100233
1121|140030281|100203
1122|140030281|100213
1123|140030281|100223
1124|140030281|100233
1125|140030282|100203
1126|140030282|100213
1127|140030282|100223
1128|140030282|100233
1129|140030283|100203
1130|140030283|100213
1131|140030283|100223
1132|140030283|100233
1133|140030284|100203
1134|140030284|100213
1135|140030284|100223
1136|140030284|100233
1137|140030285|100203
1138|140030285|100213
1139|140030285|100223
1140|140030285|100233
1141|140030286|100203
1142|140030286|100213
1143|140030286|100223
1144|140030286|100233
1145|140030287|100203
1146|140030287|100213
1147|140030287|100223
1148|140030287|100233
1149|140030288|100203
1150|140030288|100213
1151|140030288|100223
1152|140030288|100233
1153|140030289|100203
1154|140030289|100213
1155|140030289|100223
1156|140030289|100233
1157|140030290|100203
1158|140030290|100213
1159|140030290|100223
1160|140030290|100233
1161|140030291|100203
1162|140030291|100213
1163|140030291|100223
1164|140030291|100233
1165|140030292|100203
1166|140030292|100213
1167|140030292|100223
1168|140030292|100233
1169|140030293|100203
1170|140030293|100213
1171|140030293|100223
1172|140030293|100233
1173|140030294|100203
1174|140030294|100213
1175|140030294|100223
1176|140030294|100233
1177|140030295|100203
1178|140030295|100213
1179|140030295|100223
1180|140030295|100233
1181|140030296|100203
1182|140030296|100213
1183|140030296|100223
1184|140030296|100233
1185|140030297|100203
1186|140030297|100213
1187|140030297|100223
1188|140030297|100233
1189|140030298|100203
1190|140030298|100213
1191|140030298|100223
1192|140030298|100233
1193|140030299|100203
1194|140030299|100213
1195|140030299|100223
1196|140030299|100233
1197|140030300|100203
1198|140030300|100213
1199|140030300|100223
1200|140030300|100233
1201|140030301|100204
1202|140030301|100214
1203|140030301|100224
1204|140030301|100234
1205|140030302|100204
1206|140030302|100214
1207|140030302|100224
1208|140030302|100234
1209|140030303|100204
1210|140030303|100214
1211|140030303|100224
1212|140030303|100234
1213|140030304|100204
1214|140030304|100214
1215|140030304|100224
1216|140030304|100234
1217|140030305|100204
1218|140030305|100214
1219|140030305|100224
1220|140030305|100234
1221|140030306|100204
1222|140030306|100214
1223|140030306|100224
1224|140030306|100234
1225|140030307|100204
1226|140030307|100214
1227|140030307|100224
1228|140030307|100234
1229|140030308|100204
1230|140030308|100214
1231|140030308|100224
1232|140030308|100234
1233|140030309|100204
1234|140030309|100214
1235|140030309|100224
1236|140030309|100234
1237|140030310|100204
1238|140030310|100214
1239|140030310|100224
1240|140030310|100234
1241|140030311|100204
1242|140030311|100214
1243|140030311|100224
1244|140030311|100234
1245|140030312|100204
1246|140030312|100214
1247|140030312|100224
1248|140030312|100234
1249|140030313|100204
1250|140030313|100214
1251|140030313|100224
1252|140030313|100234
1253|140030314|100204
1254|140030314|100214
1255|140030314|100224
1256|140030314|100234
1257|140030315|100204
1258|140030315|100214
1259|140030315|100224
1260|140030315|100234
1261|140030316|100204
1262|140030316|100214
1263|140030316|100224
1264|140030316|100234
1265|140030317|100204
1266|140030317|100214
1267|140030317|100224
1268|140030317|100234
1269|140030318|100204
1270|140030318|100214
1271|140030318|100224
1272|140030318|100234
1273|140030319|100204
1274|140030319|100214
1275|140030319|100224
1276|140030319|100234
1277|140030320|100204
1278|140030320|100214
1279|140030320|100224
1280|140030320|100234
1281|140030321|100204
1282|140030321|100214
1283|140030321|100224
1284|140030321|100234
1285|140030322|100204
1286|140030322|100214
1287|140030322|100224
1288|140030322|100234
1289|140030323|100204
1290|140030323|100214
1291|140030323|100224
1292|140030323|100234
1293|140030324|100204
1294|140030324|100214
1295|140030324|100224
1296|140030324|100234
1297|140030325|100204
1298|140030325|100214
1299|140030325|100224
1300|140030325|100234
1301|140030326|100204
1302|140030326|100214
1303|140030326|100224
1304|140030326|100234
1305|140030327|100204
1306|140030327|100214
1307|140030327|100224
1308|140030327|100234
1309|140030328|100204
1310|140030328|100214
1311|140030328|100224
1312|140030328|100234
1313|140030329|100204
1314|140030329|100214
1315|140030329|100224
1316|140030329|100234
1317|140030330|100204
1318|140030330|100214
1319|140030330|100224
1320|140030330|100234
1321|140030331|100204
1322|140030331|100214
1323|140030331|100224
1324|140030331|100234
1325|140030332|100204
1326|140030332|100214
1327|140030332|100224
1328|140030332|100234
1329|140030333|100204
1330|140030333|100214
1331|140030333|100224
1332|140030333|100234
1333|140030334|100204
1334|140030334|100214
1335|140030334|100224
1336|140030334|100234
1337|140030335|100204
1338|140030335|100214
1339|140030335|100224
1340|140030335|100234
1341|140030336|100204
1342|140030336|100214
1343|140030336|100224
1344|140030336|100234
1345|140030337|100204
1346|140030337|100214
1347|140030337|100224
1348|140030337|100234
1349|140030338|100204
1350|140030338|100214
1351|140030338|100224
1352|140030338|100234
1353|140030339|100204
1354|140030339|100214
1355|140030339|100224
1356|140030339|100234
1357|140030340|100204
1358|140030340|100214
1359|140030340|100224
1360|140030340|100234
1361|140030341|100204
1362|140030341|100214
1363|140030341|100224
1364|140030341|100234
1365|140030342|100204
1366|140030342|100214
1367|140030342|100224
1368|140030342|100234
1369|140030343|100204
1370|140030343|100214
1371|140030343|100224
1372|140030343|100234
1373|140030344|100204
1374|140030344|100214
1375|140030344|100224
1376|140030344|100234
1377|140030345|100204
1378|140030345|100214
1379|140030345|100224
1380|140030345|100234
1381|140030346|100204
1382|140030346|100214
1383|140030346|100224
1384|140030346|100234
1385|140030347|100204
1386|140030347|100214
1387|140030347|100224
1388|140030347|100234
1389|140030348|100204
1390|140030348|100214
1391|140030348|100224
1392|140030348|100234
1393|140030349|100204
1394|140030349|100214
1395|140030349|100224
1396|140030349|100234
1397|140030350|100204
1398|140030350|100214
1399|140030350|100224
1400|140030350|100234
1401|140030351|100204
1402|140030351|100214
1403|140030351|100224
1404|140030351|100234
1405|140030352|100204
1406|140030352|100214
1407|140030352|100224
1408|140030352|100234
1409|140030353|100204
1410|140030353|100214
1411|140030353|100224
1412|140030353|100234
1413|140030354|100204
1414|140030354|100214
1415|140030354|100224
1416|140030354|100234
1417|140030355|100204
1418|140030355|100214
1419|140030355|100224
1420|140030355|100234
1421|140030356|100204
1422|140030356|100214
1423|140030356|100224
1424|140030356|100234
1425|140030357|100204
1426|140030357|100214
1427|140030357|100224
1428|140030357|100234
1429|140030358|100204
1430|140030358|100214
1431|140030358|100224
1432|140030358|100234
1433|140030359|100204
1434|140030359|100214
1435|140030359|100224
1436|140030359|100234
1437|140030360|100204
1438|140030360|100214
1439|140030360|100224
1440|140030360|100234
1441|140030361|100204
1442|140030361|100214
1443|140030361|100224
1444|140030361|100234
1445|140030362|100204
1446|140030362|100214
1447|140030362|100224
1448|140030362|100234
1449|140030363|100204
1450|140030363|100214
1451|140030363|100224
1452|140030363|100234
1453|140030364|100204
1454|140030364|100214
1455|140030364|100224
1456|140030364|100234
1457|140030365|100204
1458|140030365|100214
1459|140030365|100224
1460|140030365|100234
1461|140030366|100204
1462|140030366|100214
1463|140030366|100224
1464|140030366|100234
1465|140030367|100204
1466|140030367|100214
1467|140030367|100224
1468|140030367|100234
1469|140030368|100204
1470|140030368|100214
1471|140030368|100224
1472|140030368|100234
1473|140030369|100204
1474|140030369|100214
1475|140030369|100224
1476|140030369|100234
1477|140030370|100204
1478|140030370|100214
1479|140030370|100224
1480|140030370|100234
1481|140030371|100204
1482|140030371|100214
1483|140030371|100224
1484|140030371|100234
1485|140030372|100204
1486|140030372|100214
1487|140030372|100224
1488|140030372|100234
1489|140030373|100204
1490|140030373|100214
1491|140030373|100224
1492|140030373|100234
1493|140030374|100204
1494|140030374|100214
1495|140030374|100224
1496|140030374|100234
1497|140030375|100204
1498|140030375|100214
1499|140030375|100224
1500|140030375|100234
1501|140030376|100204
1502|140030376|100214
1503|140030376|100224
1504|140030376|100234
1505|140030377|100204
1506|140030377|100214
1507|140030377|100224
1508|140030377|100234
1509|140030378|100204
1510|140030378|100214
1511|140030378|100224
1512|140030378|100234
1513|140030379|100204
1514|140030379|100214
1515|140030379|100224
1516|140030379|100234
1517|140030380|100204
1518|140030380|100214
1519|140030380|100224
1520|140030380|100234
1521|140030381|100204
1522|140030381|100214
1523|140030381|100224
1524|140030381|100234
1525|140030382|100204
1526|140030382|100214
1527|140030382|100224
1528|140030382|100234
1529|140030383|100204
1530|140030383|100214
1531|140030383|100224
1532|140030383|100234
1533|140030384|100204
1534|140030384|100214
1535|140030384|100224
1536|140030384|100234
1537|140030385|100204
1538|140030385|100214
1539|140030385|100224
1540|140030385|100234
1541|140030386|100204
1542|140030386|100214
1543|140030386|100224
1544|140030386|100234
1545|140030387|100204
1546|140030387|100214
1547|140030387|100224
1548|140030387|100234
1549|140030388|100204
1550|140030388|100214
1551|140030388|100224
1552|140030388|100234
1553|140030389|100204
1554|140030389|100214
1555|140030389|100224
1556|140030389|100234
1557|140030390|100204
1558|140030390|100214
1559|140030390|100224
1560|140030390|100234
1561|140030391|100204
1562|140030391|100214
1563|140030391|100224
1564|140030391|100234
1565|140030392|100204
1566|140030392|100214
1567|140030392|100224
1568|140030392|100234
1569|140030393|100204
1570|140030393|100214
1571|140030393|100224
1572|140030393|100234
1573|140030394|100204
1574|140030394|100214
1575|140030394|100224
1576|140030394|100234
1577|140030395|100204
1578|140030395|100214
1579|140030395|100224
1580|140030395|100234
1581|140030396|100204
1582|140030396|100214
1583|140030396|100224
1584|140030396|100234
1585|140030397|100204
1586|140030397|100214
1587|140030397|100224
1588|140030397|100234
1589|140030398|100204
1590|140030398|100214
1591|140030398|100224
1592|140030398|100234
1593|140030399|100204
1594|140030399|100214
1595|140030399|100224
1596|140030399|100234
1597|140030400|100204
1598|140030400|100214
1599|140030400|100224
1600|140030400|100234
1601|140030401|100205
1602|140030401|100215
1603|140030401|100225
1604|140030401|100235
1605|140030402|100205
1606|140030402|100215
1607|140030402|100225
1608|140030402|100235
1609|140030403|100205
1610|140030403|100215
1611|140030403|100225
1612|140030403|100235
1613|140030404|100205
1614|140030404|100215
1615|140030404|100225
1616|140030404|100235
1617|140030405|100205
1618|140030405|100215
1619|140030405|100225
1620|140030405|100235
1621|140030406|100205
1622|140030406|100215
1623|140030406|100225
1624|140030406|100235
1625|140030407|100205
1626|140030407|100215
1627|140030407|100225
1628|140030407|100235
1629|140030408|100205
1630|140030408|100215
1631|140030408|100225
1632|140030408|100235
1633|140030409|100205
1634|140030409|100215
1635|140030409|100225
1636|140030409|100235
1637|140030410|100205
1638|140030410|100215
1639|140030410|100225
1640|140030410|100235
1641|140030411|100205
1642|140030411|100215
1643|140030411|100225
1644|140030411|100235
1645|140030412|100205
1646|140030412|100215
1647|140030412|100225
1648|140030412|100235
1649|140030413|100205
1650|140030413|100215
1651|140030413|100225
1652|140030413|100235
1653|140030414|100205
1654|140030414|100215
1655|140030414|100225
1656|140030414|100235
1657|140030415|100205
1658|140030415|100215
1659|140030415|100225
1660|140030415|100235
1661|140030416|100205
1662|140030416|100215
1663|140030416|100225
1664|140030416|100235
1665|140030417|100205
1666|140030417|100215
1667|140030417|100225
1668|140030417|100235
1669|140030418|100205
1670|140030418|100215
1671|140030418|100225
1672|140030418|100235
1673|140030419|100205
1674|140030419|100215
1675|140030419|100225
1676|140030419|100235
1677|140030420|100205
1678|140030420|100215
1679|140030420|100225
1680|140030420|100235
1681|140030421|100205
1682|140030421|100215
1683|140030421|100225
1684|140030421|100235
1685|140030422|100205
1686|140030422|100215
1687|140030422|100225
1688|140030422|100235
1689|140030423|100205
1690|140030423|100215
1691|140030423|100225
1692|140030423|100235
1693|140030424|100205
1694|140030424|100215
1695|140030424|100225
1696|140030424|100235
1697|140030425|100205
1698|140030425|100215
1699|140030425|100225
1700|140030425|100235
1701|140030426|100205
1702|140030426|100215
1703|140030426|100225
1704|140030426|100235
1705|140030427|100205
1706|140030427|100215
1707|140030427|100225
1708|140030427|100235
1709|140030428|100205
1710|140030428|100215
1711|140030428|100225
1712|140030428|100235
1713|140030429|100205
1714|140030429|100215
1715|140030429|100225
1716|140030429|100235
1717|140030430|100205
1718|140030430|100215
1719|140030430|100225
1720|140030430|100235
1721|140030431|100205
1722|140030431|100215
1723|140030431|100225
1724|140030431|100235
1725|140030432|100205
1726|140030432|100215
1727|140030432|100225
1728|140030432|100235
1729|140030433|100205
1730|140030433|100215
1731|140030433|100225
1732|140030433|100235
1733|140030434|100205
1734|140030434|100215
1735|140030434|100225
1736|140030434|100235
1737|140030435|100205
1738|140030435|100215
1739|140030435|100225
1740|140030435|100235
1741|140030436|100205
1742|140030436|100215
1743|140030436|100225
1744|140030436|100235
1745|140030437|100205
1746|140030437|100215
1747|140030437|100225
1748|140030437|100235
1749|140030438|100205
1750|140030438|100215
1751|140030438|100225
1752|140030438|100235
1753|140030439|100205
1754|140030439|100215
1755|140030439|100225
1756|140030439|100235
1757|140030440|100205
1758|140030440|100215
1759|140030440|100225
1760|140030440|100235
1761|140030441|100205
1762|140030441|100215
1763|140030441|100225
1764|140030441|100235
1765|140030442|100205
1766|140030442|100215
1767|140030442|100225
1768|140030442|100235
1769|140030443|100205
1770|140030443|100215
1771|140030443|100225
1772|140030443|100235
1773|140030444|100205
1774|140030444|100215
1775|140030444|100225
1776|140030444|100235
1777|140030445|100205
1778|140030445|100215
1779|140030445|100225
1780|140030445|100235
1781|140030446|100205
1782|140030446|100215
1783|140030446|100225
1784|140030446|100235
1785|140030447|100205
1786|140030447|100215
1787|140030447|100225
1788|140030447|100235
1789|140030448|100205
1790|140030448|100215
1791|140030448|100225
1792|140030448|100235
1793|140030449|100205
1794|140030449|100215
1795|140030449|100225
1796|140030449|100235
1797|140030450|100205
1798|140030450|100215
1799|140030450|100225
1800|140030450|100235
1801|140030451|100205
1802|140030451|100215
1803|140030451|100225
1804|140030451|100235
1805|140030452|100205
1806|140030452|100215
1807|140030452|100225
1808|140030452|100235
1809|140030453|100205
1810|140030453|100215
1811|140030453|100225
1812|140030453|100235
1813|140030454|100205
1814|140030454|100215
1815|140030454|100225
1816|140030454|100235
1817|140030455|100205
1818|140030455|100215
1819|140030455|100225
1820|140030455|100235
1821|140030456|100205
1822|140030456|100215
1823|140030456|100225
1824|140030456|100235
1825|140030457|100205
1826|140030457|100215
1827|140030457|100225
1828|140030457|100235
1829|140030458|100205
1830|140030458|100215
1831|140030458|100225
1832|140030458|100235
1833|140030459|100205
1834|140030459|100215
1835|140030459|100225
1836|140030459|100235
1837|140030460|100205
1838|140030460|100215
1839|140030460|100225
1840|140030460|100235
1841|140030461|100205
1842|140030461|100215
1843|140030461|100225
1844|140030461|100235
1845|140030462|100205
1846|140030462|100215
1847|140030462|100225
1848|140030462|100235
1849|140030463|100205
1850|140030463|100215
1851|140030463|100225
1852|140030463|100235
1853|140030464|100205
1854|140030464|100215
1855|140030464|100225
1856|140030464|100235
1857|140030465|100205
1858|140030465|100215
1859|140030465|100225
1860|140030465|100235
1861|140030466|100205
1862|140030466|100215
1863|140030466|100225
1864|140030466|100235
1865|140030467|100205
1866|140030467|100215
1867|140030467|100225
1868|140030467|100235
1869|140030468|100205
1870|140030468|100215
1871|140030468|100225
1872|140030468|100235
1873|140030469|100205
1874|140030469|100215
1875|140030469|100225
1876|140030469|100235
1877|140030470|100205
1878|140030470|100215
1879|140030470|100225
1880|140030470|100235
1881|140030471|100205
1882|140030471|100215
1883|140030471|100225
1884|140030471|100235
1885|140030472|100205
1886|140030472|100215
1887|140030472|100225
1888|140030472|100235
1889|140030473|100205
1890|140030473|100215
1891|140030473|100225
1892|140030473|100235
1893|140030474|100205
1894|140030474|100215
1895|140030474|100225
1896|140030474|100235
1897|140030475|100205
1898|140030475|100215
1899|140030475|100225
1900|140030475|100235
1901|140030476|100205
1902|140030476|100215
1903|140030476|100225
1904|140030476|100235
1905|140030477|100205
1906|140030477|100215
1907|140030477|100225
1908|140030477|100235
1909|140030478|100205
1910|140030478|100215
1911|140030478|100225
1912|140030478|100235
1913|140030479|100205
1914|140030479|100215
1915|140030479|100225
1916|140030479|100235
1917|140030480|100205
1918|140030480|100215
1919|140030480|100225
1920|140030480|100235
1921|140030481|100205
1922|140030481|100215
1923|140030481|100225
1924|140030481|100235
1925|140030482|100205
1926|140030482|100215
1927|140030482|100225
1928|140030482|100235
1929|140030483|100205
1930|140030483|100215
1931|140030483|100225
1932|140030483|100235
1933|140030484|100205
1934|140030484|100215
1935|140030484|100225
1936|140030484|100235
1937|140030485|100205
1938|140030485|100215
1939|140030485|100225
1940|140030485|100235
1941|140030486|100205
1942|140030486|100215
1943|140030486|100225
1944|140030486|100235
1945|140030487|100205
1946|140030487|100215
1947|140030487|100225
1948|140030487|100235
1949|140030488|100205
1950|140030488|100215
1951|140030488|100225
1952|140030488|100235
1953|140030489|100205
1954|140030489|100215
1955|140030489|100225
1956|140030489|100235
1957|140030490|100205
1958|140030490|100215
1959|140030490|100225
1960|140030490|100235
1961|140030491|100205
1962|140030491|100215
1963|140030491|100225
1964|140030491|100235
1965|140030492|100205
1966|140030492|100215
1967|140030492|100225
1968|140030492|100235
1969|140030493|100205
1970|140030493|100215
1971|140030493|100225
1972|140030493|100235
1973|140030494|100205
1974|140030494|100215
1975|140030494|100225
1976|140030494|100235
1977|140030495|100205
1978|140030495|100215
1979|140030495|100225
1980|140030495|100235
1981|140030496|100205
1982|140030496|100215
1983|140030496|100225
1984|140030496|100235
1985|140030497|100205
1986|140030497|100215
1987|140030497|100225
1988|140030497|100235
1989|140030498|100205
1990|140030498|100215
1991|140030498|100225
1992|140030498|100235
1993|140030499|100205
1994|140030499|100215
1995|140030499|100225
1996|140030499|100235
1997|140030500|100205
1998|140030500|100215
1999|140030500|100225
2000|140030500|100235
2001|140030501|100206
2002|140030501|100216
2003|140030501|100226
2004|140030501|100236
2005|140030502|100206
2006|140030502|100216
2007|140030502|100226
2008|140030502|100236
2009|140030503|100206
2010|140030503|100216
2011|140030503|100226
2012|140030503|100236
2013|140030504|100206
2014|140030504|100216
2015|140030504|100226
2016|140030504|100236
2017|140030505|100206
2018|140030505|100216
2019|140030505|100226
2020|140030505|100236
2021|140030506|100206
2022|140030506|100216
2023|140030506|100226
2024|140030506|100236
2025|140030507|100206
2026|140030507|100216
2027|140030507|100226
2028|140030507|100236
2029|140030508|100206
2030|140030508|100216
2031|140030508|100226
2032|140030508|100236
2033|140030509|100206
2034|140030509|100216
2035|140030509|100226
2036|140030509|100236
2037|140030510|100206
2038|140030510|100216
2039|140030510|100226
2040|140030510|100236
2041|140030511|100206
2042|140030511|100216
2043|140030511|100226
2044|140030511|100236
2045|140030512|100206
2046|140030512|100216
2047|140030512|100226
2048|140030512|100236
2049|140030513|100206
2050|140030513|100216
2051|140030513|100226
2052|140030513|100236
2053|140030514|100206
2054|140030514|100216
2055|140030514|100226
2056|140030514|100236
2057|140030515|100206
2058|140030515|100216
2059|140030515|100226
2060|140030515|100236
2061|140030516|100206
2062|140030516|100216
2063|140030516|100226
2064|140030516|100236
2065|140030517|100206
2066|140030517|100216
2067|140030517|100226
2068|140030517|100236
2069|140030518|100206
2070|140030518|100216
2071|140030518|100226
2072|140030518|100236
2073|140030519|100206
2074|140030519|100216
2075|140030519|100226
2076|140030519|100236
2077|140030520|100206
2078|140030520|100216
2079|140030520|100226
2080|140030520|100236
2081|140030521|100206
2082|140030521|100216
2083|140030521|100226
2084|140030521|100236
2085|140030522|100206
2086|140030522|100216
2087|140030522|100226
2088|140030522|100236
2089|140030523|100206
2090|140030523|100216
2091|140030523|100226
2092|140030523|100236
2093|140030524|100206
2094|140030524|100216
2095|140030524|100226
2096|140030524|100236
2097|140030525|100206
2098|140030525|100216
2099|140030525|100226
2100|140030525|100236
2101|140030526|100206
2102|140030526|100216
2103|140030526|100226
2104|140030526|100236
2105|140030527|100206
2106|140030527|100216
2107|140030527|100226
2108|140030527|100236
2109|140030528|100206
2110|140030528|100216
2111|140030528|100226
2112|140030528|100236
2113|140030529|100206
2114|140030529|100216
2115|140030529|100226
2116|140030529|100236
2117|140030530|100206
2118|140030530|100216
2119|140030530|100226
2120|140030530|100236
2121|140030531|100206
2122|140030531|100216
2123|140030531|100226
2124|140030531|100236
2125|140030532|100206
2126|140030532|100216
2127|140030532|100226
2128|140030532|100236
2129|140030533|100206
2130|140030533|100216
2131|140030533|100226
2132|140030533|100236
2133|140030534|100206
2134|140030534|100216
2135|140030534|100226
2136|140030534|100236
2137|140030535|100206
2138|140030535|100216
2139|140030535|100226
2140|140030535|100236
2141|140030536|100206
2142|140030536|100216
2143|140030536|100226
2144|140030536|100236
2145|140030537|100206
2146|140030537|100216
2147|140030537|100226
2148|140030537|100236
2149|140030538|100206
2150|140030538|100216
2151|140030538|100226
2152|140030538|100236
2153|140030539|100206
2154|140030539|100216
2155|140030539|100226
2156|140030539|100236
2157|140030540|100206
2158|140030540|100216
2159|140030540|100226
2160|140030540|100236
2161|140030541|100206
2162|140030541|100216
2163|140030541|100226
2164|140030541|100236
2165|140030542|100206
2166|140030542|100216
2167|140030542|100226
2168|140030542|100236
2169|140030543|100206
2170|140030543|100216
2171|140030543|100226
2172|140030543|100236
2173|140030544|100206
2174|140030544|100216
2175|140030544|100226
2176|140030544|100236
2177|140030545|100206
2178|140030545|100216
2179|140030545|100226
2180|140030545|100236
2181|140030546|100206
2182|140030546|100216
2183|140030546|100226
2184|140030546|100236
2185|140030547|100206
2186|140030547|100216
2187|140030547|100226
2188|140030547|100236
2189|140030548|100206
2190|140030548|100216
2191|140030548|100226
2192|140030548|100236
2193|140030549|100206
2194|140030549|100216
2195|140030549|100226
2196|140030549|100236
2197|140030550|100206
2198|140030550|100216
2199|140030550|100226
2200|140030550|100236
2201|140030551|100206
2202|140030551|100216
2203|140030551|100226
2204|140030551|100236
2205|140030552|100206
2206|140030552|100216
2207|140030552|100226
2208|140030552|100236
2209|140030553|100206
2210|140030553|100216
2211|140030553|100226
2212|140030553|100236
2213|140030554|100206
2214|140030554|100216
2215|140030554|100226
2216|140030554|100236
2217|140030555|100206
2218|140030555|100216
2219|140030555|100226
2220|140030555|100236
2221|140030556|100206
2222|140030556|100216
2223|140030556|100226
2224|140030556|100236
2225|140030557|100206
2226|140030557|100216
2227|140030557|100226
2228|140030557|100236
2229|140030558|100206
2230|140030558|100216
2231|140030558|100226
2232|140030558|100236
2233|140030559|100206
2234|140030559|100216
2235|140030559|100226
2236|140030559|100236
2237|140030560|100206
2238|140030560|100216
2239|140030560|100226
2240|140030560|100236
2241|140030561|100206
2242|140030561|100216
2243|140030561|100226
2244|140030561|100236
2245|140030562|100206
2246|140030562|100216
2247|140030562|100226
2248|140030562|100236
2249|140030563|100206
2250|140030563|100216
2251|140030563|100226
2252|140030563|100236
2253|140030564|100206
2254|140030564|100216
2255|140030564|100226
2256|140030564|100236
2257|140030565|100206
2258|140030565|100216
2259|140030565|100226
2260|140030565|100236
2261|140030566|100206
2262|140030566|100216
2263|140030566|100226
2264|140030566|100236
2265|140030567|100206
2266|140030567|100216
2267|140030567|100226
2268|140030567|100236
2269|140030568|100206
2270|140030568|100216
2271|140030568|100226
2272|140030568|100236
2273|140030569|100206
2274|140030569|100216
2275|140030569|100226
2276|140030569|100236
2277|140030570|100206
2278|140030570|100216
2279|140030570|100226
2280|140030570|100236
2281|140030571|100206
2282|140030571|100216
2283|140030571|100226
2284|140030571|100236
2285|140030572|100206
2286|140030572|100216
2287|140030572|100226
2288|140030572|100236
2289|140030573|100206
2290|140030573|100216
2291|140030573|100226
2292|140030573|100236
2293|140030574|100206
2294|140030574|100216
2295|140030574|100226
2296|140030574|100236
2297|140030575|100206
2298|140030575|100216
2299|140030575|100226
2300|140030575|100236
2301|140030576|100206
2302|140030576|100216
2303|140030576|100226
2304|140030576|100236
2305|140030577|100206
2306|140030577|100216
2307|140030577|100226
2308|140030577|100236
2309|140030578|100206
2310|140030578|100216
2311|140030578|100226
2312|140030578|100236
2313|140030579|100206
2314|140030579|100216
2315|140030579|100226
2316|140030579|100236
2317|140030580|100206
2318|140030580|100216
2319|140030580|100226
2320|140030580|100236
2321|140030581|100206
2322|140030581|100216
2323|140030581|100226
2324|140030581|100236
2325|140030582|100206
2326|140030582|100216
2327|140030582|100226
2328|140030582|100236
2329|140030583|100206
2330|140030583|100216
2331|140030583|100226
2332|140030583|100236
2333|140030584|100206
2334|140030584|100216
2335|140030584|100226
2336|140030584|100236
2337|140030585|100206
2338|140030585|100216
2339|140030585|100226
2340|140030585|100236
2341|140030586|100206
2342|140030586|100216
2343|140030586|100226
2344|140030586|100236
2345|140030587|100206
2346|140030587|100216
2347|140030587|100226
2348|140030587|100236
2349|140030588|100206
2350|140030588|100216
2351|140030588|100226
2352|140030588|100236
2353|140030589|100206
2354|140030589|100216
2355|140030589|100226
2356|140030589|100236
2357|140030590|100206
2358|140030590|100216
2359|140030590|100226
2360|140030590|100236
2361|140030591|100206
2362|140030591|100216
2363|140030591|100226
2364|140030591|100236
2365|140030592|100206
2366|140030592|100216
2367|140030592|100226
2368|140030592|100236
2369|140030593|100206
2370|140030593|100216
2371|140030593|100226
2372|140030593|100236
2373|140030594|100206
2374|140030594|100216
2375|140030594|100226
2376|140030594|100236
2377|140030595|100206
2378|140030595|100216
2379|140030595|100226
2380|140030595|100236
2381|140030596|100206
2382|140030596|100216
2383|140030596|100226
2384|140030596|100236
2385|140030597|100206
2386|140030597|100216
2387|140030597|100226
2388|140030597|100236
2389|140030598|100206
2390|140030598|100216
2391|140030598|100226
2392|140030598|100236
2393|140030599|100206
2394|140030599|100216
2395|140030599|100226
2396|140030599|100236
2397|140030600|100206
2398|140030600|100216
2399|140030600|100226
2400|140030600|100236
2401|140030601|100207
2402|140030601|100217
2403|140030601|100227
2404|140030601|100237
2405|140030602|100207
2406|140030602|100217
2407|140030602|100227
2408|140030602|100237
2409|140030603|100207
2410|140030603|100217
2411|140030603|100227
2412|140030603|100237
2413|140030604|100207
2414|140030604|100217
2415|140030604|100227
2416|140030604|100237
2417|140030605|100207
2418|140030605|100217
2419|140030605|100227
2420|140030605|100237
2421|140030606|100207
2422|140030606|100217
2423|140030606|100227
2424|140030606|100237
2425|140030607|100207
2426|140030607|100217
2427|140030607|100227
2428|140030607|100237
2429|140030608|100207
2430|140030608|100217
2431|140030608|100227
2432|140030608|100237
2433|140030609|100207
2434|140030609|100217
2435|140030609|100227
2436|140030609|100237
2437|140030610|100207
2438|140030610|100217
2439|140030610|100227
2440|140030610|100237
2441|140030611|100207
2442|140030611|100217
2443|140030611|100227
2444|140030611|100237
2445|140030612|100207
2446|140030612|100217
2447|140030612|100227
2448|140030612|100237
2449|140030613|100207
2450|140030613|100217
2451|140030613|100227
2452|140030613|100237
2453|140030614|100207
2454|140030614|100217
2455|140030614|100227
2456|140030614|100237
2457|140030615|100207
2458|140030615|100217
2459|140030615|100227
2460|140030615|100237
2461|140030616|100207
2462|140030616|100217
2463|140030616|100227
2464|140030616|100237
2465|140030617|100207
2466|140030617|100217
2467|140030617|100227
2468|140030617|100237
2469|140030618|100207
2470|140030618|100217
2471|140030618|100227
2472|140030618|100237
2473|140030619|100207
2474|140030619|100217
2475|140030619|100227
2476|140030619|100237
2477|140030620|100207
2478|140030620|100217
2479|140030620|100227
2480|140030620|100237
2481|140030621|100207
2482|140030621|100217
2483|140030621|100227
2484|140030621|100237
2485|140030622|100207
2486|140030622|100217
2487|140030622|100227
2488|140030622|100237
2489|140030623|100207
2490|140030623|100217
2491|140030623|100227
2492|140030623|100237
2493|140030624|100207
2494|140030624|100217
2495|140030624|100227
2496|140030624|100237
2497|140030625|100207
2498|140030625|100217
2499|140030625|100227
2500|140030625|100237
2501|140030626|100207
2502|140030626|100217
2503|140030626|100227
2504|140030626|100237
2505|140030627|100207
2506|140030627|100217
2507|140030627|100227
2508|140030627|100237
2509|140030628|100207
2510|140030628|100217
2511|140030628|100227
2512|140030628|100237
2513|140030629|100207
2514|140030629|100217
2515|140030629|100227
2516|140030629|100237
2517|140030630|100207
2518|140030630|100217
2519|140030630|100227
2520|140030630|100237
2521|140030631|100207
2522|140030631|100217
2523|140030631|100227
2524|140030631|100237
2525|140030632|100207
2526|140030632|100217
2527|140030632|100227
2528|140030632|100237
2529|140030633|100207
2530|140030633|100217
2531|140030633|100227
2532|140030633|100237
2533|140030634|100207
2534|140030634|100217
2535|140030634|100227
2536|140030634|100237
2537|140030635|100207
2538|140030635|100217
2539|140030635|100227
2540|140030635|100237
2541|140030636|100207
2542|140030636|100217
2543|140030636|100227
2544|140030636|100237
2545|140030637|100207
2546|140030637|100217
2547|140030637|100227
2548|140030637|100237
2549|140030638|100207
2550|140030638|100217
2551|140030638|100227
2552|140030638|100237
2553|140030639|100207
2554|140030639|100217
2555|140030639|100227
2556|140030639|100237
2557|140030640|100207
2558|140030640|100217
2559|140030640|100227
2560|140030640|100237
2561|140030641|100207
2562|140030641|100217
2563|140030641|100227
2564|140030641|100237
2565|140030642|100207
2566|140030642|100217
2567|140030642|100227
2568|140030642|100237
2569|140030643|100207
2570|140030643|100217
2571|140030643|100227
2572|140030643|100237
2573|140030644|100207
2574|140030644|100217
2575|140030644|100227
2576|140030644|100237
2577|140030645|100207
2578|140030645|100217
2579|140030645|100227
2580|140030645|100237
2581|140030646|100207
2582|140030646|100217
2583|140030646|100227
2584|140030646|100237
2585|140030647|100207
2586|140030647|100217
2587|140030647|100227
2588|140030647|100237
2589|140030648|100207
2590|140030648|100217
2591|140030648|100227
2592|140030648|100237
2593|140030649|100207
2594|140030649|100217
2595|140030649|100227
2596|140030649|100237
2597|140030650|100207
2598|140030650|100217
2599|140030650|100227
2600|140030650|100237
2601|140030651|100207
2602|140030651|100217
2603|140030651|100227
2604|140030651|100237
2605|140030652|100207
2606|140030652|100217
2607|140030652|100227
2608|140030652|100237
2609|140030653|100207
2610|140030653|100217
2611|140030653|100227
2612|140030653|100237
2613|140030654|100207
2614|140030654|100217
2615|140030654|100227
2616|140030654|100237
2617|140030655|100207
2618|140030655|100217
2619|140030655|100227
2620|140030655|100237
2621|140030656|100207
2622|140030656|100217
2623|140030656|100227
2624|140030656|100237
2625|140030657|100207
2626|140030657|100217
2627|140030657|100227
2628|140030657|100237
2629|140030658|100207
2630|140030658|100217
2631|140030658|100227
2632|140030658|100237
2633|140030659|100207
2634|140030659|100217
2635|140030659|100227
2636|140030659|100237
2637|140030660|100207
2638|140030660|100217
2639|140030660|100227
2640|140030660|100237
2641|140030661|100207
2642|140030661|100217
2643|140030661|100227
2644|140030661|100237
2645|140030662|100207
2646|140030662|100217
2647|140030662|100227
2648|140030662|100237
2649|140030663|100207
2650|140030663|100217
2651|140030663|100227
2652|140030663|100237
2653|140030664|100207
2654|140030664|100217
2655|140030664|100227
2656|140030664|100237
2657|140030665|100207
2658|140030665|100217
2659|140030665|100227
2660|140030665|100237
2661|140030666|100207
2662|140030666|100217
2663|140030666|100227
2664|140030666|100237
2665|140030667|100207
2666|140030667|100217
2667|140030667|100227
2668|140030667|100237
2669|140030668|100207
2670|140030668|100217
2671|140030668|100227
2672|140030668|100237
2673|140030669|100207
2674|140030669|100217
2675|140030669|100227
2676|140030669|100237
2677|140030670|100207
2678|140030670|100217
2679|140030670|100227
2680|140030670|100237
2681|140030671|100207
2682|140030671|100217
2683|140030671|100227
2684|140030671|100237
2685|140030672|100207
2686|140030672|100217
2687|140030672|100227
2688|140030672|100237
2689|140030673|100207
2690|140030673|100217
2691|140030673|100227
2692|140030673|100237
2693|140030674|100207
2694|140030674|100217
2695|140030674|100227
2696|140030674|100237
2697|140030675|100207
2698|140030675|100217
2699|140030675|100227
2700|140030675|100237
2701|140030676|100207
2702|140030676|100217
2703|140030676|100227
2704|140030676|100237
2705|140030677|100207
2706|140030677|100217
2707|140030677|100227
2708|140030677|100237
2709|140030678|100207
2710|140030678|100217
2711|140030678|100227
2712|140030678|100237
2713|140030679|100207
2714|140030679|100217
2715|140030679|100227
2716|140030679|100237
2717|140030680|100207
2718|140030680|100217
2719|140030680|100227
2720|140030680|100237
2721|140030681|100207
2722|140030681|100217
2723|140030681|100227
2724|140030681|100237
2725|140030682|100207
2726|140030682|100217
2727|140030682|100227
2728|140030682|100237
2729|140030683|100207
2730|140030683|100217
2731|140030683|100227
2732|140030683|100237
2733|140030684|100207
2734|140030684|100217
2735|140030684|100227
2736|140030684|100237
2737|140030685|100207
2738|140030685|100217
2739|140030685|100227
2740|140030685|100237
2741|140030686|100207
2742|140030686|100217
2743|140030686|100227
2744|140030686|100237
2745|140030687|100207
2746|140030687|100217
2747|140030687|100227
2748|140030687|100237
2749|140030688|100207
2750|140030688|100217
2751|140030688|100227
2752|140030688|100237
2753|140030689|100207
2754|140030689|100217
2755|140030689|100227
2756|140030689|100237
2757|140030690|100207
2758|140030690|100217
2759|140030690|100227
2760|140030690|100237
2761|140030691|100207
2762|140030691|100217
2763|140030691|100227
2764|140030691|100237
2765|140030692|100207
2766|140030692|100217
2767|140030692|100227
2768|140030692|100237
2769|140030693|100207
2770|140030693|100217
2771|140030693|100227
2772|140030693|100237
2773|140030694|100207
2774|140030694|100217
2775|140030694|100227
2776|140030694|100237
2777|140030695|100207
2778|140030695|100217
2779|140030695|100227
2780|140030695|100237
2781|140030696|100207
2782|140030696|100217
2783|140030696|100227
2784|140030696|100237
2785|140030697|100207
2786|140030697|100217
2787|140030697|100227
2788|140030697|100237
2789|140030698|100207
2790|140030698|100217
2791|140030698|100227
2792|140030698|100237
2793|140030699|100207
2794|140030699|100217
2795|140030699|100227
2796|140030699|100237
2797|140030700|100207
2798|140030700|100217
2799|140030700|100227
2800|140030700|100237
2801|140030701|100208
2802|140030701|100218
2803|140030701|100228
2804|140030701|100238
2805|140030702|100208
2806|140030702|100218
2807|140030702|100228
2808|140030702|100238
2809|140030703|100208
2810|140030703|100218
2811|140030703|100228
2812|140030703|100238
2813|140030704|100208
2814|140030704|100218
2815|140030704|100228
2816|140030704|100238
2817|140030705|100208
2818|140030705|100218
2819|140030705|100228
2820|140030705|100238
2821|140030706|100208
2822|140030706|100218
2823|140030706|100228
2824|140030706|100238
2825|140030707|100208
2826|140030707|100218
2827|140030707|100228
2828|140030707|100238
2829|140030708|100208
2830|140030708|100218
2831|140030708|100228
2832|140030708|100238
2833|140030709|100208
2834|140030709|100218
2835|140030709|100228
2836|140030709|100238
2837|140030710|100208
2838|140030710|100218
2839|140030710|100228
2840|140030710|100238
2841|140030711|100208
2842|140030711|100218
2843|140030711|100228
2844|140030711|100238
2845|140030712|100208
2846|140030712|100218
2847|140030712|100228
2848|140030712|100238
2849|140030713|100208
2850|140030713|100218
2851|140030713|100228
2852|140030713|100238
2853|140030714|100208
2854|140030714|100218
2855|140030714|100228
2856|140030714|100238
2857|140030715|100208
2858|140030715|100218
2859|140030715|100228
2860|140030715|100238
2861|140030716|100208
2862|140030716|100218
2863|140030716|100228
2864|140030716|100238
2865|140030717|100208
2866|140030717|100218
2867|140030717|100228
2868|140030717|100238
2869|140030718|100208
2870|140030718|100218
2871|140030718|100228
2872|140030718|100238
2873|140030719|100208
2874|140030719|100218
2875|140030719|100228
2876|140030719|100238
2877|140030720|100208
2878|140030720|100218
2879|140030720|100228
2880|140030720|100238
2881|140030721|100208
2882|140030721|100218
2883|140030721|100228
2884|140030721|100238
2885|140030722|100208
2886|140030722|100218
2887|140030722|100228
2888|140030722|100238
2889|140030723|100208
2890|140030723|100218
2891|140030723|100228
2892|140030723|100238
2893|140030724|100208
2894|140030724|100218
2895|140030724|100228
2896|140030724|100238
2897|140030725|100208
2898|140030725|100218
2899|140030725|100228
2900|140030725|100238
2901|140030726|100208
2902|140030726|100218
2903|140030726|100228
2904|140030726|100238
2905|140030727|100208
2906|140030727|100218
2907|140030727|100228
2908|140030727|100238
2909|140030728|100208
2910|140030728|100218
2911|140030728|100228
2912|140030728|100238
2913|140030729|100208
2914|140030729|100218
2915|140030729|100228
2916|140030729|100238
2917|140030730|100208
2918|140030730|100218
2919|140030730|100228
2920|140030730|100238
2921|140030731|100208
2922|140030731|100218
2923|140030731|100228
2924|140030731|100238
2925|140030732|100208
2926|140030732|100218
2927|140030732|100228
2928|140030732|100238
2929|140030733|100208
2930|140030733|100218
2931|140030733|100228
2932|140030733|100238
2933|140030734|100208
2934|140030734|100218
2935|140030734|100228
2936|140030734|100238
2937|140030735|100208
2938|140030735|100218
2939|140030735|100228
2940|140030735|100238
2941|140030736|100208
2942|140030736|100218
2943|140030736|100228
2944|140030736|100238
2945|140030737|100208
2946|140030737|100218
2947|140030737|100228
2948|140030737|100238
2949|140030738|100208
2950|140030738|100218
2951|140030738|100228
2952|140030738|100238
2953|140030739|100208
2954|140030739|100218
2955|140030739|100228
2956|140030739|100238
2957|140030740|100208
2958|140030740|100218
2959|140030740|100228
2960|140030740|100238
2961|140030741|100208
2962|140030741|100218
2963|140030741|100228
2964|140030741|100238
2965|140030742|100208
2966|140030742|100218
2967|140030742|100228
2968|140030742|100238
2969|140030743|100208
2970|140030743|100218
2971|140030743|100228
2972|140030743|100238
2973|140030744|100208
2974|140030744|100218
2975|140030744|100228
2976|140030744|100238
2977|140030745|100208
2978|140030745|100218
2979|140030745|100228
2980|140030745|100238
2981|140030746|100208
2982|140030746|100218
2983|140030746|100228
2984|140030746|100238
2985|140030747|100208
2986|140030747|100218
2987|140030747|100228
2988|140030747|100238
2989|140030748|100208
2990|140030748|100218
2991|140030748|100228
2992|140030748|100238
2993|140030749|100208
2994|140030749|100218
2995|140030749|100228
2996|140030749|100238
2997|140030750|100208
2998|140030750|100218
2999|140030750|100228
3000|140030750|100238
3001|140030751|100208
3002|140030751|100218
3003|140030751|100228
3004|140030751|100238
3005|140030752|100208
3006|140030752|100218
3007|140030752|100228
3008|140030752|100238
3009|140030753|100208
3010|140030753|100218
3011|140030753|100228
3012|140030753|100238
3013|140030754|100208
3014|140030754|100218
3015|140030754|100228
3016|140030754|100238
3017|140030755|100208
3018|140030755|100218
3019|140030755|100228
3020|140030755|100238
3021|140030756|100208
3022|140030756|100218
3023|140030756|100228
3024|140030756|100238
3025|140030757|100208
3026|140030757|100218
3027|140030757|100228
3028|140030757|100238
3029|140030758|100208
3030|140030758|100218
3031|140030758|100228
3032|140030758|100238
3033|140030759|100208
3034|140030759|100218
3035|140030759|100228
3036|140030759|100238
3037|140030760|100208
3038|140030760|100218
3039|140030760|100228
3040|140030760|100238
3041|140030761|100208
3042|140030761|100218
3043|140030761|100228
3044|140030761|100238
3045|140030762|100208
3046|140030762|100218
3047|140030762|100228
3048|140030762|100238
3049|140030763|100208
3050|140030763|100218
3051|140030763|100228
3052|140030763|100238
3053|140030764|100208
3054|140030764|100218
3055|140030764|100228
3056|140030764|100238
3057|140030765|100208
3058|140030765|100218
3059|140030765|100228
3060|140030765|100238
3061|140030766|100208
3062|140030766|100218
3063|140030766|100228
3064|140030766|100238
3065|140030767|100208
3066|140030767|100218
3067|140030767|100228
3068|140030767|100238
3069|140030768|100208
3070|140030768|100218
3071|140030768|100228
3072|140030768|100238
3073|140030769|100208
3074|140030769|100218
3075|140030769|100228
3076|140030769|100238
3077|140030770|100208
3078|140030770|100218
3079|140030770|100228
3080|140030770|100238
3081|140030771|100208
3082|140030771|100218
3083|140030771|100228
3084|140030771|100238
3085|140030772|100208
3086|140030772|100218
3087|140030772|100228
3088|140030772|100238
3089|140030773|100208
3090|140030773|100218
3091|140030773|100228
3092|140030773|100238
3093|140030774|100208
3094|140030774|100218
3095|140030774|100228
3096|140030774|100238
3097|140030775|100208
3098|140030775|100218
3099|140030775|100228
3100|140030775|100238
3101|140030776|100208
3102|140030776|100218
3103|140030776|100228
3104|140030776|100238
3105|140030777|100208
3106|140030777|100218
3107|140030777|100228
3108|140030777|100238
3109|140030778|100208
3110|140030778|100218
3111|140030778|100228
3112|140030778|100238
3113|140030779|100208
3114|140030779|100218
3115|140030779|100228
3116|140030779|100238
3117|140030780|100208
3118|140030780|100218
3119|140030780|100228
3120|140030780|100238
3121|140030781|100208
3122|140030781|100218
3123|140030781|100228
3124|140030781|100238
3125|140030782|100208
3126|140030782|100218
3127|140030782|100228
3128|140030782|100238
3129|140030783|100208
3130|140030783|100218
3131|140030783|100228
3132|140030783|100238
3133|140030784|100208
3134|140030784|100218
3135|140030784|100228
3136|140030784|100238
3137|140030785|100208
3138|140030785|100218
3139|140030785|100228
3140|140030785|100238
3141|140030786|100208
3142|140030786|100218
3143|140030786|100228
3144|140030786|100238
3145|140030787|100208
3146|140030787|100218
3147|140030787|100228
3148|140030787|100238
3149|140030788|100208
3150|140030788|100218
3151|140030788|100228
3152|140030788|100238
3153|140030789|100208
3154|140030789|100218
3155|140030789|100228
3156|140030789|100238
3157|140030790|100208
3158|140030790|100218
3159|140030790|100228
3160|140030790|100238
3161|140030791|100208
3162|140030791|100218
3163|140030791|100228
3164|140030791|100238
3165|140030792|100208
3166|140030792|100218
3167|140030792|100228
3168|140030792|100238
3169|140030793|100208
3170|140030793|100218
3171|140030793|100228
3172|140030793|100238
3173|140030794|100208
3174|140030794|100218
3175|140030794|100228
3176|140030794|100238
3177|140030795|100208
3178|140030795|100218
3179|140030795|100228
3180|140030795|100238
3181|140030796|100208
3182|140030796|100218
3183|140030796|100228
3184|140030796|100238
3185|140030797|100208
3186|140030797|100218
3187|140030797|100228
3188|140030797|100238
3189|140030798|100208
3190|140030798|100218
3191|140030798|100228
3192|140030798|100238
3193|140030799|100208
3194|140030799|100218
3195|140030799|100228
3196|140030799|100238
3197|140030800|100208
3198|140030800|100218
3199|140030800|100228
3200|140030800|100238
3201|140030801|100209
3202|140030801|100219
3203|140030801|100229
3204|140030801|100239
3205|140030802|100209
3206|140030802|100219
3207|140030802|100229
3208|140030802|100239
3209|140030803|100209
3210|140030803|100219
3211|140030803|100229
3212|140030803|100239
3213|140030804|100209
3214|140030804|100219
3215|140030804|100229
3216|140030804|100239
3217|140030805|100209
3218|140030805|100219
3219|140030805|100229
3220|140030805|100239
3221|140030806|100209
3222|140030806|100219
3223|140030806|100229
3224|140030806|100239
3225|140030807|100209
3226|140030807|100219
3227|140030807|100229
3228|140030807|100239
3229|140030808|100209
3230|140030808|100219
3231|140030808|100229
3232|140030808|100239
3233|140030809|100209
3234|140030809|100219
3235|140030809|100229
3236|140030809|100239
3237|140030810|100209
3238|140030810|100219
3239|140030810|100229
3240|140030810|100239
3241|140030811|100209
3242|140030811|100219
3243|140030811|100229
3244|140030811|100239
3245|140030812|100209
3246|140030812|100219
3247|140030812|100229
3248|140030812|100239
3249|140030813|100209
3250|140030813|100219
3251|140030813|100229
3252|140030813|100239
3253|140030814|100209
3254|140030814|100219
3255|140030814|100229
3256|140030814|100239
3257|140030815|100209
3258|140030815|100219
3259|140030815|100229
3260|140030815|100239
3261|140030816|100209
3262|140030816|100219
3263|140030816|100229
3264|140030816|100239
3265|140030817|100209
3266|140030817|100219
3267|140030817|100229
3268|140030817|100239
3269|140030818|100209
3270|140030818|100219
3271|140030818|100229
3272|140030818|100239
3273|140030819|100209
3274|140030819|100219
3275|140030819|100229
3276|140030819|100239
3277|140030820|100209
3278|140030820|100219
3279|140030820|100229
3280|140030820|100239
3281|140030821|100209
3282|140030821|100219
3283|140030821|100229
3284|140030821|100239
3285|140030822|100209
3286|140030822|100219
3287|140030822|100229
3288|140030822|100239
3289|140030823|100209
3290|140030823|100219
3291|140030823|100229
3292|140030823|100239
3293|140030824|100209
3294|140030824|100219
3295|140030824|100229
3296|140030824|100239
3297|140030825|100209
3298|140030825|100219
3299|140030825|100229
3300|140030825|100239
3301|140030826|100209
3302|140030826|100219
3303|140030826|100229
3304|140030826|100239
3305|140030827|100209
3306|140030827|100219
3307|140030827|100229
3308|140030827|100239
3309|140030828|100209
3310|140030828|100219
3311|140030828|100229
3312|140030828|100239
3313|140030829|100209
3314|140030829|100219
3315|140030829|100229
3316|140030829|100239
3317|140030830|100209
3318|140030830|100219
3319|140030830|100229
3320|140030830|100239
3321|140030831|100209
3322|140030831|100219
3323|140030831|100229
3324|140030831|100239
3325|140030832|100209
3326|140030832|100219
3327|140030832|100229
3328|140030832|100239
3329|140030833|100209
3330|140030833|100219
3331|140030833|100229
3332|140030833|100239
3333|140030834|100209
3334|140030834|100219
3335|140030834|100229
3336|140030834|100239
3337|140030835|100209
3338|140030835|100219
3339|140030835|100229
3340|140030835|100239
3341|140030836|100209
3342|140030836|100219
3343|140030836|100229
3344|140030836|100239
3345|140030837|100209
3346|140030837|100219
3347|140030837|100229
3348|140030837|100239
3349|140030838|100209
3350|140030838|100219
3351|140030838|100229
3352|140030838|100239
3353|140030839|100209
3354|140030839|100219
3355|140030839|100229
3356|140030839|100239
3357|140030840|100209
3358|140030840|100219
3359|140030840|100229
3360|140030840|100239
3361|140030841|100209
3362|140030841|100219
3363|140030841|100229
3364|140030841|100239
3365|140030842|100209
3366|140030842|100219
3367|140030842|100229
3368|140030842|100239
3369|140030843|100209
3370|140030843|100219
3371|140030843|100229
3372|140030843|100239
3373|140030844|100209
3374|140030844|100219
3375|140030844|100229
3376|140030844|100239
3377|140030845|100209
3378|140030845|100219
3379|140030845|100229
3380|140030845|100239
3381|140030846|100209
3382|140030846|100219
3383|140030846|100229
3384|140030846|100239
3385|140030847|100209
3386|140030847|100219
3387|140030847|100229
3388|140030847|100239
3389|140030848|100209
3390|140030848|100219
3391|140030848|100229
3392|140030848|100239
3393|140030849|100209
3394|140030849|100219
3395|140030849|100229
3396|140030849|100239
3397|140030850|100209
3398|140030850|100219
3399|140030850|100229
3400|140030850|100239
3401|140030851|100209
3402|140030851|100219
3403|140030851|100229
3404|140030851|100239
3405|140030852|100209
3406|140030852|100219
3407|140030852|100229
3408|140030852|100239
3409|140030853|100209
3410|140030853|100219
3411|140030853|100229
3412|140030853|100239
3413|140030854|100209
3414|140030854|100219
3415|140030854|100229
3416|140030854|100239
3417|140030855|100209
3418|140030855|100219
3419|140030855|100229
3420|140030855|100239
3421|140030856|100209
3422|140030856|100219
3423|140030856|100229
3424|140030856|100239
3425|140030857|100209
3426|140030857|100219
3427|140030857|100229
3428|140030857|100239
3429|140030858|100209
3430|140030858|100219
3431|140030858|100229
3432|140030858|100239
3433|140030859|100209
3434|140030859|100219
3435|140030859|100229
3436|140030859|100239
3437|140030860|100209
3438|140030860|100219
3439|140030860|100229
3440|140030860|100239
3441|140030861|100209
3442|140030861|100219
3443|140030861|100229
3444|140030861|100239
3445|140030862|100209
3446|140030862|100219
3447|140030862|100229
3448|140030862|100239
3449|140030863|100209
3450|140030863|100219
3451|140030863|100229
3452|140030863|100239
3453|140030864|100209
3454|140030864|100219
3455|140030864|100229
3456|140030864|100239
3457|140030865|100209
3458|140030865|100219
3459|140030865|100229
3460|140030865|100239
3461|140030866|100209
3462|140030866|100219
3463|140030866|100229
3464|140030866|100239
3465|140030867|100209
3466|140030867|100219
3467|140030867|100229
3468|140030867|100239
3469|140030868|100209
3470|140030868|100219
3471|140030868|100229
3472|140030868|100239
3473|140030869|100209
3474|140030869|100219
3475|140030869|100229
3476|140030869|100239
3477|140030870|100209
3478|140030870|100219
3479|140030870|100229
3480|140030870|100239
3481|140030871|100209
3482|140030871|100219
3483|140030871|100229
3484|140030871|100239
3485|140030872|100209
3486|140030872|100219
3487|140030872|100229
3488|140030872|100239
3489|140030873|100209
3490|140030873|100219
3491|140030873|100229
3492|140030873|100239
3493|140030874|100209
3494|140030874|100219
3495|140030874|100229
3496|140030874|100239
3497|140030875|100209
3498|140030875|100219
3499|140030875|100229
3500|140030875|100239
3501|140030876|100209
3502|140030876|100219
3503|140030876|100229
3504|140030876|100239
3505|140030877|100209
3506|140030877|100219
3507|140030877|100229
3508|140030877|100239
3509|140030878|100209
3510|140030878|100219
3511|140030878|100229
3512|140030878|100239
3513|140030879|100209
3514|140030879|100219
3515|140030879|100229
3516|140030879|100239
3517|140030880|100209
3518|140030880|100219
3519|140030880|100229
3520|140030880|100239
3521|140030881|100209
3522|140030881|100219
3523|140030881|100229
3524|140030881|100239
3525|140030882|100209
3526|140030882|100219
3527|140030882|100229
3528|140030882|100239
3529|140030883|100209
3530|140030883|100219
3531|140030883|100229
3532|140030883|100239
3533|140030884|100209
3534|140030884|100219
3535|140030884|100229
3536|140030884|100239
3537|140030885|100209
3538|140030885|100219
3539|140030885|100229
3540|140030885|100239
3541|140030886|100209
3542|140030886|100219
3543|140030886|100229
3544|140030886|100239
3545|140030887|100209
3546|140030887|100219
3547|140030887|100229
3548|140030887|100239
3549|140030888|100209
3550|140030888|100219
3551|140030888|100229
3552|140030888|100239
3553|140030889|100209
3554|140030889|100219
3555|140030889|100229
3556|140030889|100239
3557|140030890|100209
3558|140030890|100219
3559|140030890|100229
3560|140030890|100239
3561|140030891|100209
3562|140030891|100219
3563|140030891|100229
3564|140030891|100239
3565|140030892|100209
3566|140030892|100219
3567|140030892|100229
3568|140030892|100239
3569|140030893|100209
3570|140030893|100219
3571|140030893|100229
3572|140030893|100239
3573|140030894|100209
3574|140030894|100219
3575|140030894|100229
3576|140030894|100239
3577|140030895|100209
3578|140030895|100219
3579|140030895|100229
3580|140030895|100239
3581|140030896|100209
3582|140030896|100219
3583|140030896|100229
3584|140030896|100239
3585|140030897|100209
3586|140030897|100219
3587|140030897|100229
3588|140030897|100239
3589|140030898|100209
3590|140030898|100219
3591|140030898|100229
3592|140030898|100239
3593|140030899|100209
3594|140030899|100219
3595|140030899|100229
3596|140030899|100239
3597|140030900|100209
3598|140030900|100219
3599|140030900|100229
3600|140030900|100239
3601|140030901|100210
3602|140030901|100220
3603|140030901|100230
3604|140030901|100240
3605|140030902|100210
3606|140030902|100220
3607|140030902|100230
3608|140030902|100240
3609|140030903|100210
3610|140030903|100220
3611|140030903|100230
3612|140030903|100240
3613|140030904|100210
3614|140030904|100220
3615|140030904|100230
3616|140030904|100240
3617|140030905|100210
3618|140030905|100220
3619|140030905|100230
3620|140030905|100240
3621|140030906|100210
3622|140030906|100220
3623|140030906|100230
3624|140030906|100240
3625|140030907|100210
3626|140030907|100220
3627|140030907|100230
3628|140030907|100240
3629|140030908|100210
3630|140030908|100220
3631|140030908|100230
3632|140030908|100240
3633|140030909|100210
3634|140030909|100220
3635|140030909|100230
3636|140030909|100240
3637|140030910|100210
3638|140030910|100220
3639|140030910|100230
3640|140030910|100240
3641|140030911|100210
3642|140030911|100220
3643|140030911|100230
3644|140030911|100240
3645|140030912|100210
3646|140030912|100220
3647|140030912|100230
3648|140030912|100240
3649|140030913|100210
3650|140030913|100220
3651|140030913|100230
3652|140030913|100240
3653|140030914|100210
3654|140030914|100220
3655|140030914|100230
3656|140030914|100240
3657|140030915|100210
3658|140030915|100220
3659|140030915|100230
3660|140030915|100240
3661|140030916|100210
3662|140030916|100220
3663|140030916|100230
3664|140030916|100240
3665|140030917|100210
3666|140030917|100220
3667|140030917|100230
3668|140030917|100240
3669|140030918|100210
3670|140030918|100220
3671|140030918|100230
3672|140030918|100240
3673|140030919|100210
3674|140030919|100220
3675|140030919|100230
3676|140030919|100240
3677|140030920|100210
3678|140030920|100220
3679|140030920|100230
3680|140030920|100240
3681|140030921|100210
3682|140030921|100220
3683|140030921|100230
3684|140030921|100240
3685|140030922|100210
3686|140030922|100220
3687|140030922|100230
3688|140030922|100240
3689|140030923|100210
3690|140030923|100220
3691|140030923|100230
3692|140030923|100240
3693|140030924|100210
3694|140030924|100220
3695|140030924|100230
3696|140030924|100240
3697|140030925|100210
3698|140030925|100220
3699|140030925|100230
3700|140030925|100240
3701|140030926|100210
3702|140030926|100220
3703|140030926|100230
3704|140030926|100240
3705|140030927|100210
3706|140030927|100220
3707|140030927|100230
3708|140030927|100240
3709|140030928|100210
3710|140030928|100220
3711|140030928|100230
3712|140030928|100240
3713|140030929|100210
3714|140030929|100220
3715|140030929|100230
3716|140030929|100240
3717|140030930|100210
3718|140030930|100220
3719|140030930|100230
3720|140030930|100240
3721|140030931|100210
3722|140030931|100220
3723|140030931|100230
3724|140030931|100240
3725|140030932|100210
3726|140030932|100220
3727|140030932|100230
3728|140030932|100240
3729|140030933|100210
3730|140030933|100220
3731|140030933|100230
3732|140030933|100240
3733|140030934|100210
3734|140030934|100220
3735|140030934|100230
3736|140030934|100240
3737|140030935|100210
3738|140030935|100220
3739|140030935|100230
3740|140030935|100240
3741|140030936|100210
3742|140030936|100220
3743|140030936|100230
3744|140030936|100240
3745|140030937|100210
3746|140030937|100220
3747|140030937|100230
3748|140030937|100240
3749|140030938|100210
3750|140030938|100220
3751|140030938|100230
3752|140030938|100240
3753|140030939|100210
3754|140030939|100220
3755|140030939|100230
3756|140030939|100240
3757|140030940|100210
3758|140030940|100220
3759|140030940|100230
3760|140030940|100240
3761|140030941|100210
3762|140030941|100220
3763|140030941|100230
3764|140030941|100240
3765|140030942|100210
3766|140030942|100220
3767|140030942|100230
3768|140030942|100240
3769|140030943|100210
3770|140030943|100220
3771|140030943|100230
3772|140030943|100240
3773|140030944|100210
3774|140030944|100220
3775|140030944|100230
3776|140030944|100240
3777|140030945|100210
3778|140030945|100220
3779|140030945|100230
3780|140030945|100240
3781|140030946|100210
3782|140030946|100220
3783|140030946|100230
3784|140030946|100240
3785|140030947|100210
3786|140030947|100220
3787|140030947|100230
3788|140030947|100240
3789|140030948|100210
3790|140030948|100220
3791|140030948|100230
3792|140030948|100240
3793|140030949|100210
3794|140030949|100220
3795|140030949|100230
3796|140030949|100240
3797|140030950|100210
3798|140030950|100220
3799|140030950|100230
3800|140030950|100240
3801|140030951|100210
3802|140030951|100220
3803|140030951|100230
3804|140030951|100240
3805|140030952|100210
3806|140030952|100220
3807|140030952|100230
3808|140030952|100240
3809|140030953|100210
3810|140030953|100220
3811|140030953|100230
3812|140030953|100240
3813|140030954|100210
3814|140030954|100220
3815|140030954|100230
3816|140030954|100240
3817|140030955|100210
3818|140030955|100220
3819|140030955|100230
3820|140030955|100240
3821|140030956|100210
3822|140030956|100220
3823|140030956|100230
3824|140030956|100240
3825|140030957|100210
3826|140030957|100220
3827|140030957|100230
3828|140030957|100240
3829|140030958|100210
3830|140030958|100220
3831|140030958|100230
3832|140030958|100240
3833|140030959|100210
3834|140030959|100220
3835|140030959|100230
3836|140030959|100240
3837|140030960|100210
3838|140030960|100220
3839|140030960|100230
3840|140030960|100240
3841|140030961|100210
3842|140030961|100220
3843|140030961|100230
3844|140030961|100240
3845|140030962|100210
3846|140030962|100220
3847|140030962|100230
3848|140030962|100240
3849|140030963|100210
3850|140030963|100220
3851|140030963|100230
3852|140030963|100240
3853|140030964|100210
3854|140030964|100220
3855|140030964|100230
3856|140030964|100240
3857|140030965|100210
3858|140030965|100220
3859|140030965|100230
3860|140030965|100240
3861|140030966|100210
3862|140030966|100220
3863|140030966|100230
3864|140030966|100240
3865|140030967|100210
3866|140030967|100220
3867|140030967|100230
3868|140030967|100240
3869|140030968|100210
3870|140030968|100220
3871|140030968|100230
3872|140030968|100240
3873|140030969|100210
3874|140030969|100220
3875|140030969|100230
3876|140030969|100240
3877|140030970|100210
3878|140030970|100220
3879|140030970|100230
3880|140030970|100240
3881|140030971|100210
3882|140030971|100220
3883|140030971|100230
3884|140030971|100240
3885|140030972|100210
3886|140030972|100220
3887|140030972|100230
3888|140030972|100240
3889|140030973|100210
3890|140030973|100220
3891|140030973|100230
3892|140030973|100240
3893|140030974|100210
3894|140030974|100220
3895|140030974|100230
3896|140030974|100240
3897|140030975|100210
3898|140030975|100220
3899|140030975|100230
3900|140030975|100240
3901|140030976|100210
3902|140030976|100220
3903|140030976|100230
3904|140030976|100240
3905|140030977|100210
3906|140030977|100220
3907|140030977|100230
3908|140030977|100240
3909|140030978|100210
3910|140030978|100220
3911|140030978|100230
3912|140030978|100240
3913|140030979|100210
3914|140030979|100220
3915|140030979|100230
3916|140030979|100240
3917|140030980|100210
3918|140030980|100220
3919|140030980|100230
3920|140030980|100240
3921|140030981|100210
3922|140030981|100220
3923|140030981|100230
3924|140030981|100240
3925|140030982|100210
3926|140030982|100220
3927|140030982|100230
3928|140030982|100240
3929|140030983|100210
3930|140030983|100220
3931|140030983|100230
3932|140030983|100240
3933|140030984|100210
3934|140030984|100220
3935|140030984|100230
3936|140030984|100240
3937|140030985|100210
3938|140030985|100220
3939|140030985|100230
3940|140030985|100240
3941|140030986|100210
3942|140030986|100220
3943|140030986|100230
3944|140030986|100240
3945|140030987|100210
3946|140030987|100220
3947|140030987|100230
3948|140030987|100240
3949|140030988|100210
3950|140030988|100220
3951|140030988|100230
3952|140030988|100240
3953|140030989|100210
3954|140030989|100220
3955|140030989|100230
3956|140030989|100240
3957|140030990|100210
3958|140030990|100220
3959|140030990|100230
3960|140030990|100240
3961|140030991|100210
3962|140030991|100220
3963|140030991|100230
3964|140030991|100240
3965|140030992|100210
3966|140030992|100220
3967|140030992|100230
3968|140030992|100240
3969|140030993|100210
3970|140030993|100220
3971|140030993|100230
3972|140030993|100240
3973|140030994|100210
3974|140030994|100220
3975|140030994|100230
3976|140030994|100240
3977|140030995|100210
3978|140030995|100220
3979|140030995|100230
3980|140030995|100240
3981|140030996|100210
3982|140030996|100220
3983|140030996|100230
3984|140030996|100240
3985|140030997|100210
3986|140030997|100220
3987|140030997|100230
3988|140030997|100240
3989|140030998|100210
3990|140030998|100220
3991|140030998|100230
3992|140030998|100240
3993|140030999|100210
3994|140030999|100220
3995|140030999|100230
3996|140030999|100240
3997|140031000|100210
3998|140031000|100220
3999|140031000|100230
4000|140031000|100240
